222	272
223	271
224	271
225	271
226	270
227	270
228	270
229	270
230	270
231	270
232	271
233	271
234	271
235	272
236	272
237	272
238	273
239	273
240	273
241	274
242	274
242	275
243	275
244	276
245	276
246	276
247	277
248	277
249	278
250	278
251	278
252	278
253	279
254	279
255	279
256	279
257	280
258	280
259	280
260	280
261	280
262	280
263	280
264	280
265	280
266	280
267	280
268	280
269	280
270	280
271	280
272	280
273	280
274	280
275	280
276	280
277	279
278	279
279	279
280	279
281	279
282	279
283	279
284	279
285	279
286	279
287	279
288	279
289	279
290	279
291	279
292	279
293	279
294	279
295	279
296	279
297	278
298	278
299	278
300	278
301	278
302	278
303	278
304	278
305	278
306	278
307	278
308	278
309	278
310	278
311	278
312	278
313	278
314	277
315	277
316	277
317	277
318	276
319	276
320	276
321	275
322	275
323	275
324	275
325	275
326	275
327	275
328	275
328	276
329	277
330	278
331	279
331	280
331	281
332	282
332	283
332	284
332	285
332	286
332	287
332	288
332	289
332	290
332	291
332	292
332	293
332	294
332	295
332	296
332	297
332	298
332	299
332	300
333	301
333	302
333	303
333	304
333	305
333	306
333	307
333	308
333	309
333	310
334	311
334	312
334	313
334	314
334	315
335	316
335	317
335	318
335	319
336	320
336	321
336	322
336	323
337	324
337	325
337	326
338	327
338	328
339	329
339	330
340	331
340	332
341	332
341	333
342	334
343	335
343	336
344	336
345	337
346	337
347	338
348	339
349	339
350	339
351	340
352	340
353	340
354	340
355	341
356	341
357	341
358	341
359	341
360	341
361	342
362	342
363	342
364	342
365	342
366	342
367	342
368	342
369	342
370	342
371	342
372	342
373	342
374	342
375	342
376	341
377	341
378	341
379	341
380	341
381	341
382	341
383	341
384	340
385	340
386	340
387	340
388	340
389	340
390	340
391	340
392	340
393	340
394	340
395	340
396	341
397	341
398	341
399	342
400	342
401	343
402	343
403	343
404	344
405	344
406	345
407	345
408	346
409	346
410	347
411	347
412	348
413	348
414	348
415	348
415	349
416	349
417	349
418	348
419	348
420	348
421	348
422	347
423	347
424	347
425	346
426	346
427	346
428	346
429	346
430	346
432	346
433	346
433	345
434	345
435	344
435	343
436	342
436	340
436	339
435	338
435	337
434	336
434	335
433	334
433	333
432	333
431	332
430	331
429	330
428	329
427	329
427	328
426	327
425	327
424	326
423	326
422	325
421	325
420	324
419	324
419	323
418	323
417	322
416	322
415	321
415	320
414	320
413	319
413	318
412	318
411	317
411	316
411	315
410	314
409	313
409	312
409	311
409	310
408	309
408	308
408	307
407	306
407	305
407	304
406	303
406	302
406	301
405	300
405	299
404	298
404	297
403	296
402	295
402	294
401	293
401	292
400	291
399	291
399	290
398	289
398	288
397	287
396	287
396	286
395	285
394	284
393	283
393	282
392	281
392	280
392	279
391	278
391	277
391	276
391	275
391	274
391	273
391	272
392	271
393	270
393	269
394	268
395	267
396	267
396	266
397	265
398	265
399	264
400	264
401	263
401	262
402	262
403	261
404	261
405	260
406	259
407	259
408	258
408	257
409	257
410	256
411	256
412	255
412	254
413	254
414	253
415	253
415	252
416	251
417	251
418	250
418	249
419	249
420	248
421	247
421	246
422	246
423	245
424	244
425	244
425	243
426	242
427	242
428	241
428	240
429	240
430	239
431	238
432	237
433	237
434	236
435	235
436	234
437	234
438	233
439	233
439	232
440	232
441	231
442	231
443	230
444	230
445	230
445	229
446	229
447	229
448	228
449	228
450	228
451	228
452	228
453	227
454	227
455	227
456	227
457	227
458	227
459	227
460	227
461	227
462	227
463	227
464	227
465	227
466	227
467	227
468	227
469	227
470	227
471	227
472	227
473	227
474	227
475	227
476	227
477	227
478	227
479	227
480	227
481	227
482	227
483	227
484	227
485	227
486	227
487	227
488	227
489	227
490	227
491	227
492	227
493	227
494	227
495	227
496	227
497	227
498	226
499	226
500	226
501	226
502	226
503	226
504	225
505	225
506	225
507	224
508	224
509	223
510	223
511	222
512	221
512	220
513	219
514	219
514	218
515	217
515	216
516	215
516	214
516	213
517	212
517	211
517	210
517	209
517	208
516	207
516	206
515	205
515	204
514	203
513	203
513	202
512	201
511	200
510	200
510	199
509	198
508	197
507	197
507	196
506	195
506	194
506	193
506	192
505	191
505	190
505	189
506	188
506	187
506	186
506	185
506	184
506	183
506	182
506	181
505	180
505	179
505	178
505	177
504	176
503	175
503	174
502	173
502	172
501	171
500	171
500	170
499	169
498	168
498	167
497	167
497	166
496	165
496	164
495	163
495	162
495	161
495	160
495	159
495	158
496	157
496	156
496	155
497	154
497	153
498	152
498	151
498	150
498	149
497	148
497	147
496	147
495	146
494	145
492	145
491	144
490	144
489	144
488	144
487	144
486	145
485	145
484	146
483	146
482	146
481	147
481	148
480	148
479	148
478	149
477	149
476	150
475	150
474	150
473	151
472	151
471	151
470	151
469	151
468	151
467	151
466	151
465	151
464	150
463	150
462	150
461	150
460	150
459	149
458	149
457	149
456	148
455	148
454	147
453	147
452	147
451	146
450	146
449	146
448	145
447	145
446	145
445	144
444	144
443	144
442	143
441	143
440	143
439	143
438	142
437	142
436	142
435	142
434	142
433	142
432	142
431	142
430	142
429	142
428	142
427	142
426	142
425	142
424	142
423	142
422	142
421	142
420	143
419	143
418	143
417	143
416	143
415	144
414	144
413	144
412	144
411	144
410	144
409	145
408	145
407	145
406	145
405	145
404	145
403	145
402	145
401	145
400	145
399	145
398	145
397	145
396	145
395	145
394	145
393	145
392	145
391	145
390	144
389	144
388	144
387	144
386	143
385	143
384	143
383	142
382	142
381	141
380	141
379	140
378	140
377	139
376	139
375	138
374	138
373	137
372	137
372	136
371	136
370	135
369	135
368	135
367	134
366	134
365	134
364	133
363	133
362	133
361	133
360	133
359	132
358	132
357	132
356	132
355	132
354	132
353	132
352	132
351	132
350	131
349	131
348	131
347	131
346	131
345	131
344	131
343	131
342	131
341	131
340	131
339	132
338	132
337	132
336	132
335	132
334	132
333	132
333	133
332	133
331	133
330	133
329	134
328	134
327	134
326	135
325	135
324	135
323	136
322	136
321	136
320	137
319	137
318	138
317	138
316	138
315	139
314	139
313	140
312	140
311	140
310	141
309	141
308	141
307	142
306	142
305	142
304	142
303	142
302	142
301	142
300	142
299	142
298	142
297	142
296	142
295	142
294	142
293	142
292	142
291	142
290	142
289	142
288	141
287	141
286	141
285	141
284	141
283	141
282	140
281	140
280	140
279	140
278	140
277	139
276	139
275	139
274	139
273	139
272	138
271	138
270	138
269	138
268	138
267	138
266	138
265	137
264	137
263	137
262	137
261	137
260	137
259	137
258	137
257	137
256	137
255	137
254	136
253	136
252	136
251	136
250	136
249	136
248	136
247	136
246	136
245	136
244	136
243	136
242	136
241	136
240	136
239	136
238	136
237	136
236	136
235	136
234	136
233	136
232	136
231	137
230	137
229	137
228	137
227	137
226	137
225	137
224	137
223	137
222	137
221	137
220	138
219	138
218	138
217	138
216	138
215	138
214	139
213	139
212	139
211	139
210	139
209	140
208	140
207	140
206	140
205	141
204	141
203	141
202	142
201	142
200	142
200	143
199	143
198	143
197	144
196	144
195	144
194	145
193	145
192	146
191	146
190	146
189	147
188	147
188	148
187	148
186	149
185	149
184	150
183	150
182	151
181	151
180	151
179	152
178	153
177	153
176	154
175	154
174	155
173	156
172	157
171	157
170	158
169	158
168	159
167	160
166	160
165	161
164	162
163	163
162	163
161	164
161	165
160	165
159	166
159	167
158	168
157	168
157	169
156	170
155	171
154	172
153	173
153	174
152	175
152	176
151	176
151	177
150	178
150	179
149	180
148	181
148	182
147	182
147	183
147	184
146	185
146	186
145	187
145	188
144	189
144	190
143	191
143	192
142	193
142	194
142	195
141	196
141	197
141	198
140	199
140	200
140	201
139	202
139	203
139	204
138	205
138	206
138	207
138	208
138	209
138	210
137	211
137	212
137	213
137	214
137	215
137	216
137	217
138	218
138	219
138	221
138	222
138	223
139	224
139	225
139	226
140	227
141	228
141	229
141	230
141	231
141	232
141	233
141	234
141	235
140	236
140	237
140	238
140	239
140	240
139	241
139	242
139	243
139	244
138	245
138	246
138	247
138	248
138	249
137	250
137	251
137	252
137	253
136	254
136	255
136	256
136	257
135	258
135	259
135	260
134	261
134	262
134	263
134	264
133	265
133	266
133	267
132	268
132	269
132	270
132	271
131	271
131	272
131	273
130	274
130	275
130	276
129	277
129	278
129	279
128	280
128	281
128	282
127	283
127	284
127	285
126	286
126	287
126	288
125	289
125	290
125	291
125	292
124	293
124	294
124	295
124	296
124	297
123	298
123	299
123	300
123	301
123	302
123	303
123	304
123	305
123	306
123	307
123	308
123	309
123	310
124	311
124	312
124	313
125	314
125	315
125	316
126	317
126	318
127	319
128	320
129	321
129	322
130	323
131	323
131	324
132	325
133	326
134	327
135	328
136	328
136	329
137	329
138	330
139	331
140	331
141	331
141	332
142	332
143	333
144	333
145	333
146	334
147	334
148	334
149	334
150	335
151	335
152	335
153	336
154	336
155	337
156	338
157	339
158	339
158	340
159	341
160	342
160	343
161	344
162	345
163	346
164	347
165	347
166	348
167	348
168	349
169	349
170	349
171	349
172	349
173	349
174	349
175	349
176	349
177	349
178	349
179	349
180	349
181	349
182	349
183	349
184	349
185	349
186	348
187	348
188	348
189	348
190	348
191	348
192	348
193	348
194	348
195	347
196	347
197	347
198	347
199	347
200	347
201	347
202	347
203	347
204	347
205	347
206	347
207	347
208	347
209	347
210	347
211	346
212	346
213	346
214	346
214	345
215	344
215	342
215	341
215	340
214	339
214	338
213	337
212	336
212	335
211	335
210	334
209	333
208	332
207	331
206	330
205	330
205	329
204	329
203	328
202	328
202	327
201	327
200	326
199	326
198	326
197	325
196	325
195	324
194	323
193	322
193	321
193	319
193	318
193	317
193	316
194	315
194	314
194	313
195	312
195	311
196	310
196	309
197	308
197	307
197	306
198	306
198	305
199	304
199	303
200	302
200	301
201	300
202	299
202	298
202	297
203	296
204	295
204	294
205	293
206	292
207	291
207	290
208	289
208	288
209	288
209	287
210	286
210	285
211	284
212	283
212	282
213	281
214	280
215	279
215	278
216	277
217	276
217	275
218	274
219	273
220	272
