223	176
223	177
223	178
223	179
223	180
223	181
223	182
223	183
223	184
223	185
223	186
223	187
223	188
223	189
223	190
223	191
223	192
223	193
223	194
223	195
223	196
223	197
223	198
223	199
224	200
224	201
224	202
224	203
224	204
224	205
224	206
224	207
224	208
224	209
225	210
225	211
225	212
225	213
225	214
225	215
225	216
226	217
226	218
226	219
227	220
227	221
227	222
228	223
228	224
228	225
229	226
229	227
229	228
230	229
230	230
231	231
232	232
232	233
232	234
233	235
233	236
234	237
234	238
235	239
235	240
236	240
236	241
237	242
237	243
238	244
238	245
238	246
239	247
240	248
240	249
241	250
241	251
242	252
242	253
243	254
244	255
244	256
245	257
246	258
246	259
247	259
247	260
248	261
248	262
249	263
250	263
250	264
251	265
251	266
252	267
253	267
253	268
254	269
254	270
255	271
256	272
257	273
257	274
258	275
259	276
260	277
260	278
261	279
262	279
262	280
263	281
264	282
265	283
266	284
266	285
267	285
268	286
269	287
270	288
271	289
272	289
272	290
273	291
274	291
275	292
276	293
277	294
278	294
278	295
279	296
280	297
281	297
281	298
282	299
283	300
284	301
284	302
285	303
285	304
286	304
286	305
286	306
287	307
287	308
288	309
288	310
289	311
289	312
290	313
290	314
291	315
291	316
292	317
292	318
293	319
293	320
294	321
294	322
295	322
295	323
295	324
296	325
296	326
297	327
297	328
297	329
298	329
298	330
298	331
298	332
298	333
298	334
298	335
298	337
298	338
298	339
298	340
297	341
297	342
297	343
296	344
296	345
295	345
295	346
294	347
294	348
293	348
292	349
292	350
291	350
290	350
289	351
288	351
287	352
286	352
285	352
284	353
283	353
282	353
281	353
279	353
278	353
277	353
276	353
275	353
274	354
273	354
272	354
271	354
270	354
269	354
268	354
267	355
266	355
265	355
264	355
264	356
263	356
262	357
263	358
265	360
266	361
266	362
265	362
265	363
264	364
263	365
263	366
262	367
261	368
260	369
260	370
259	371
258	372
258	373
257	374
257	375
257	376
256	377
257	378
257	379
258	379
259	379
260	379
262	379
263	379
264	380
265	380
266	380
267	381
267	380
268	380
268	379
269	378
270	377
270	376
271	375
272	374
273	373
274	373
275	373
275	372
276	372
277	372
278	372
279	373
280	373
281	373
281	374
282	374
283	374
284	374
285	374
286	374
287	374
288	373
289	373
290	372
291	372
291	371
292	370
293	370
294	369
294	368
295	367
296	366
296	365
297	365
298	364
298	363
299	362
300	362
301	361
302	361
303	361
304	361
305	361
306	362
307	362
308	363
309	363
309	364
310	365
310	366
311	367
311	368
311	369
311	370
310	371
310	372
310	373
309	374
308	375
308	376
307	377
306	377
306	378
305	379
304	380
304	381
303	382
303	383
303	385
304	385
305	385
306	385
307	384
308	384
309	384
310	383
311	383
312	383
313	382
314	382
315	382
316	381
317	380
318	380
319	380
320	379
321	379
322	378
323	378
323	377
324	376
325	376
325	375
326	374
327	374
327	373
328	372
329	371
329	370
330	369
331	368
332	367
332	366
333	366
334	365
335	365
336	364
337	364
338	364
339	364
340	364
341	365
342	366
342	367
342	368
342	369
342	370
342	371
342	373
342	374
342	375
342	376
342	377
342	378
343	379
344	380
345	379
346	379
347	378
348	377
349	376
350	375
351	374
351	373
352	372
352	371
353	370
353	369
353	368
354	367
354	366
354	365
354	364
354	363
353	361
353	360
353	359
353	358
353	357
353	356
354	355
354	354
355	354
355	353
356	353
357	353
358	354
359	355
359	356
360	356
360	357
360	358
361	359
361	360
361	362
362	363
362	364
362	365
363	366
364	367
364	368
365	369
365	370
366	370
366	371
367	372
368	373
368	374
369	374
369	375
370	376
371	377
371	378
372	378
372	379
373	380
374	381
374	382
375	382
375	383
376	384
377	385
378	385
378	386
379	387
380	388
381	389
382	390
383	390
383	391
384	392
385	392
386	393
386	394
387	394
388	395
389	395
389	396
390	397
391	397
392	398
392	399
393	399
394	400
395	401
395	402
396	402
397	403
397	404
398	404
399	405
400	406
400	407
401	407
402	408
402	409
403	409
404	410
405	410
406	411
407	411
408	411
409	411
410	411
411	411
412	410
413	409
414	408
414	407
414	406
415	405
415	404
415	403
415	402
415	401
415	400
415	399
415	398
415	396
415	395
415	394
415	393
415	392
415	391
415	390
415	389
415	388
416	387
416	386
416	385
416	384
416	383
416	382
416	381
415	380
415	379
415	378
415	377
415	376
414	375
414	374
414	373
414	372
414	371
413	370
413	369
413	368
413	367
413	366
412	365
412	364
412	363
412	362
412	361
412	360
412	359
412	358
412	357
412	356
412	355
412	354
412	353
412	352
412	351
412	350
412	349
412	348
412	347
412	346
412	345
412	344
412	343
412	342
412	341
412	340
412	339
412	338
412	337
412	336
412	335
412	334
412	333
412	332
412	331
412	330
412	329
412	328
412	327
412	326
412	325
412	324
412	323
412	322
412	321
412	320
412	319
412	318
412	317
412	316
412	315
412	314
412	313
412	312
412	311
412	310
412	309
412	308
412	307
412	306
412	305
412	304
412	303
413	302
413	301
413	300
413	299
413	298
414	297
414	296
414	295
414	294
414	293
414	292
415	291
415	290
415	289
415	288
415	287
415	286
415	285
415	284
415	283
416	282
416	281
416	280
416	279
416	278
416	277
416	276
416	275
416	274
416	273
416	272
416	271
416	270
416	269
416	268
416	267
416	266
416	265
416	264
416	263
416	262
415	261
415	260
415	259
415	258
415	257
415	256
415	255
415	254
415	253
415	252
415	251
415	250
415	249
415	248
415	247
415	246
415	245
415	244
415	243
415	242
414	241
414	240
414	239
414	238
414	237
414	236
414	235
414	234
414	233
414	232
413	231
413	230
413	229
413	228
413	227
413	226
412	225
412	224
412	223
412	222
412	221
411	220
411	219
411	218
410	217
410	216
410	215
410	214
409	213
409	212
409	211
408	211
408	210
408	209
407	208
407	207
407	206
406	205
406	204
405	203
405	202
405	201
404	200
404	199
404	198
403	197
403	196
402	195
402	194
401	193
401	192
401	191
400	190
400	189
400	188
399	187
399	186
399	185
398	184
397	183
397	182
397	181
396	180
396	179
395	178
395	177
395	176
394	175
394	174
393	174
393	173
392	172
392	171
391	170
391	169
390	168
390	167
389	167
389	166
388	165
388	164
387	163
386	162
385	161
385	160
384	159
383	159
383	158
382	157
381	156
381	155
380	155
379	154
379	153
378	153
377	152
377	151
376	150
375	150
374	149
374	148
373	148
372	147
371	147
371	146
370	145
369	145
368	144
367	144
367	143
366	143
365	142
364	142
363	141
362	141
361	140
360	140
360	139
359	139
358	138
357	138
356	138
355	137
354	137
353	136
352	136
351	136
350	135
349	135
348	135
347	134
346	134
345	133
344	133
343	133
342	132
341	132
340	132
339	131
338	131
337	131
336	130
335	130
334	129
333	129
332	128
331	128
330	127
329	126
328	126
328	125
327	125
326	124
325	123
325	122
324	122
324	121
323	120
323	119
323	118
323	117
323	116
323	115
323	114
324	113
324	112
325	111
325	110
326	110
326	109
327	108
327	107
328	106
329	106
330	105
331	104
332	104
333	104
334	104
335	104
336	104
337	104
338	105
339	105
340	106
340	107
341	108
341	109
342	110
343	110
344	110
345	110
346	109
347	109
347	108
348	107
349	106
349	104
350	103
350	102
351	101
351	100
351	99
351	98
351	97
351	96
351	95
350	95
350	94
349	93
348	92
347	91
346	90
345	89
344	89
344	88
343	87
342	86
341	86
340	85
339	84
338	83
337	82
336	81
335	80
334	79
333	78
332	77
331	76
330	75
329	75
329	74
328	74
327	73
326	73
326	72
325	72
324	71
323	71
322	71
321	70
320	70
319	70
318	70
317	69
316	69
315	69
314	69
313	69
312	69
311	69
310	69
309	69
308	69
307	69
306	69
305	69
304	69
303	69
302	69
301	69
300	69
299	69
298	69
297	70
296	70
295	70
294	70
293	70
292	71
291	71
290	71
289	71
288	71
287	72
286	72
285	72
284	73
283	73
282	73
281	74
280	74
279	75
278	75
277	76
276	76
275	77
274	77
274	78
273	78
272	79
271	80
270	80
270	81
269	82
268	82
268	83
267	84
266	84
266	85
265	86
264	87
264	88
263	88
263	89
262	90
262	91
261	92
261	93
260	94
259	95
259	96
258	97
258	98
257	99
257	100
256	101
256	102
255	103
255	104
255	105
254	106
254	107
254	108
254	109
253	110
253	111
253	112
253	113
253	114
252	115
252	116
252	117
252	118
252	119
252	120
252	121
251	122
251	123
251	124
251	125
251	126
251	127
251	128
251	129
250	130
250	131
250	132
250	133
250	134
249	135
249	136
249	137
249	138
248	138
248	139
247	140
247	141
246	141
246	142
245	143
244	143
244	144
243	144
242	145
241	145
240	145
239	145
238	146
237	146
236	146
235	147
234	147
233	148
232	148
232	149
231	150
230	151
229	152
229	153
228	154
228	155
227	156
227	157
227	158
226	159
226	160
226	161
225	162
225	163
225	164
224	165
224	166
224	167
224	168
224	169
224	170
223	171
223	172
223	173
223	174
